======================================================================
MC+LNN SPATIAL INTERPOLATION — LOO CV RESULTS
======================================================================
Wells: 592, Times: 288
Target wells: 30
Total time: 4.0s

            Method |  KGE_mean  KGE_std  KGE_med |  R²_mean |  RMSE_mean  MAE_mean
-------------------------------------------------------------------------------------
   MC+LNN Transfer |   -5.8857  27.9493   0.0094 | -208057.1610 |    173.430   172.744
               IDW |   -0.5510   2.0315   0.0492 | -5402.8446 |     57.944    57.697

MC+LNN Transfer > IDW: 11/30 wells

PER-WELL DETAIL (sorted by MC+LNN Transfer KGE):
             Well_ID |   TF_KGE    TF_R²  TF_RMSE |  IDW_KGE IDW_RMSE |     Winner
------------------------------------------------------------------------------------------
     403627111495702 |   0.9159   0.3579     2.78 |   0.9159     2.78 |        IDW
     403627111495701 |   0.9137   0.2803     2.78 |   0.9137     2.78 |        IDW
     415926111571301 |   0.7353  -4.6891     1.89 |   0.7353     1.89 |        IDW
     415926111571302 |   0.7351  -5.1907     1.89 |   0.7351     1.89 |        IDW
     414411112543701 |   0.5143 -143.7406     6.61 |  -1.2137    19.72 |   Transfer
     403002112123201 |   0.5041 -2322.3260    83.64 |  -0.9751    99.37 |   Transfer
     411544111461001 |   0.4426 -275.2866    62.09 |   0.4816    44.48 |        IDW
     403916111575901 |   0.3451 -22.0718     5.18 |   0.2593     7.64 |   Transfer
     413805111492201 |   0.2937 -2997.2735   150.62 |   0.2275   210.78 |   Transfer
     414236112101201 |   0.2749 -57.2186    10.35 |   0.3355    32.65 |        IDW
     415506112030201 |   0.2047 -30781.0301   409.50 |   0.1218   436.03 |   Transfer
     411348112013601 |   0.1961 -13.8326    19.42 |   0.3248    28.35 |        IDW
     413609111495701 |   0.1936 -39010.5987   163.10 |   0.0035   227.68 |   Transfer
     403524111572201 |   0.1554 -50.2643    15.14 |   0.5795     6.39 |        IDW
     414721111590001 |   0.0654 -89.9349    13.43 |   0.2753     9.05 |        IDW
     415008111593901 |  -0.0467 -3207.2432    91.90 |  -0.0534    66.67 |   Transfer
     415703112514501 |  -0.0516  -0.0345     5.09 |  -0.0556    16.02 |   Transfer
     401818112014501 |  -0.0633 -3069.3738    16.61 |  -2.0657     8.55 |   Transfer
     393814113522601 |  -0.1080 -235.6934    14.59 |   0.1932     1.99 |        IDW
     401312112442301 |  -0.1183 -188.3097    14.34 |  -0.0108    42.10 |        IDW
     414209111574001 |  -0.1280  -2.5300     1.91 |  -0.1082    18.15 |        IDW
     402333111513401 |  -0.2135  -0.0198     6.88 |   0.0590     6.71 |        IDW
     414642111511401 |  -0.4886 -194.7828    12.69 |  -0.5681     2.56 |   Transfer
     414134111544701 |  -0.6575 -67.0844    15.67 |   0.0395     2.84 |        IDW
     413840111552601 |  -0.8030 -75.1001    15.75 |  -0.8197     6.08 |   Transfer
     414857111495801 |  -0.9176 -123.6703    39.29 |   0.2089    33.63 |        IDW
     415638111493601 |  -2.6388 -5543.5385   125.82 |  -0.8475    43.48 |        IDW
     404007111585801 |  -8.8366 -5396.4247    64.50 |  -7.6969    61.93 |        IDW
     403628111514301 | -15.1064 -326.8090    43.79 |  -1.0255    34.04 |        IDW
     403524111512901 | -152.8843 -6147511.3969  3785.64 |  -7.4990   262.12 |        IDW
